{
 "cells": [
  {
   "cell_type": "code",
   "execution_count": 1,
   "metadata": {},
   "outputs": [],
   "source": [
    "#import dependencies \n",
    "import bs4 as bs\n",
    "import datetime as dt\n",
    "import os\n",
    "import pandas as pd\n",
    "import pandas_datareader.data as web\n",
    "import pickle\n",
    "import requests\n",
    "%matplotlib notebook\n",
    "import matplotlib.pyplot as plt\n",
    "from matplotlib import style\n",
    "import numpy as np\n",
    "\n",
    "style.use(\"ggplot\")"
   ]
  },
  {
   "cell_type": "code",
   "execution_count": 2,
   "metadata": {},
   "outputs": [
    {
     "name": "stdout",
     "output_type": "stream",
     "text": [
      "['MMM', 'ABT', 'ABBV', 'ABMD', 'ACN', 'ATVI', 'ADBE', 'AMD', 'AAP', 'AES', 'AMG', 'AFL', 'A', 'APD', 'AKAM', 'ALK', 'ALB', 'ARE', 'ALXN', 'ALGN', 'ALLE', 'AGN', 'ADS', 'LNT', 'ALL', 'GOOGL', 'GOOG', 'MO', 'AMZN', 'AEE', 'AAL', 'AEP', 'AXP', 'AIG', 'AMT', 'AWK', 'AMP', 'ABC', 'AME', 'AMGN', 'APH', 'APC', 'ADI', 'ANSS', 'ANTM', 'AON', 'AOS', 'APA', 'AIV', 'AAPL', 'AMAT', 'APTV', 'ADM', 'ARNC', 'ANET', 'AJG', 'AIZ', 'ATO', 'T', 'ADSK', 'ADP', 'AZO', 'AVB', 'AVY', 'BHGE', 'BLL', 'BAC', 'BK', 'BAX', 'BBT', 'BDX', 'BRK.B', 'BBY', 'BIIB', 'BLK', 'HRB', 'BA', 'BKNG', 'BWA', 'BXP', 'BSX', 'BMY', 'AVGO', 'BR', 'BF.B', 'CHRW', 'COG', 'CDNS', 'CPB', 'COF', 'CPRI', 'CAH', 'KMX', 'CCL', 'CAT', 'CBOE', 'CBRE', 'CBS', 'CE', 'CELG', 'CNC', 'CNP', 'CTL', 'CERN', 'CF', 'SCHW', 'CHTR', 'CVX', 'CMG', 'CB', 'CHD', 'CI', 'XEC', 'CINF', 'CTAS', 'CSCO', 'C', 'CFG', 'CTXS', 'CLX', 'CME', 'CMS', 'KO', 'CTSH', 'CL', 'CMCSA', 'CMA', 'CAG', 'CXO', 'COP', 'ED', 'STZ', 'COO', 'CPRT', 'GLW', 'COST', 'COTY', 'CCI', 'CSX', 'CMI', 'CVS', 'DHI', 'DHR', 'DRI', 'DVA', 'DE', 'DAL', 'XRAY', 'DVN', 'FANG', 'DLR', 'DFS', 'DISCA', 'DISCK', 'DISH', 'DG', 'DLTR', 'D', 'DOV', 'DOW', 'DWDP', 'DTE', 'DRE', 'DUK', 'DXC', 'ETFC', 'EMN', 'ETN', 'EBAY', 'ECL', 'EIX', 'EW', 'EA', 'EMR', 'ETR', 'EOG', 'EFX', 'EQIX', 'EQR', 'ESS', 'EL', 'EVRG', 'ES', 'RE', 'EXC', 'EXPE', 'EXPD', 'EXR', 'XOM', 'FFIV', 'FB', 'FAST', 'FRT', 'FDX', 'FIS', 'FITB', 'FE', 'FRC', 'FISV', 'FLT', 'FLIR', 'FLS', 'FLR', 'FMC', 'FL', 'F', 'FTNT', 'FTV', 'FBHS', 'FOXA', 'FOX', 'BEN', 'FCX', 'GPS', 'GRMN', 'IT', 'GD', 'GE', 'GIS', 'GM', 'GPC', 'GILD', 'GPN', 'GS', 'GWW', 'HAL', 'HBI', 'HOG', 'HRS', 'HIG', 'HAS', 'HCA', 'HCP', 'HP', 'HSIC', 'HSY', 'HES', 'HPE', 'HLT', 'HFC', 'HOLX', 'HD', 'HON', 'HRL', 'HST', 'HPQ', 'HUM', 'HBAN', 'HII', 'IDXX', 'INFO', 'ITW', 'ILMN', 'IR', 'INTC', 'ICE', 'IBM', 'INCY', 'IP', 'IPG', 'IFF', 'INTU', 'ISRG', 'IVZ', 'IPGP', 'IQV', 'IRM', 'JKHY', 'JEC', 'JBHT', 'JEF', 'SJM', 'JNJ', 'JCI', 'JPM', 'JNPR', 'KSU', 'K', 'KEY', 'KEYS', 'KMB', 'KIM', 'KMI', 'KLAC', 'KSS', 'KHC', 'KR', 'LB', 'LLL', 'LH', 'LRCX', 'LW', 'LEG', 'LEN', 'LLY', 'LNC', 'LIN', 'LKQ', 'LMT', 'L', 'LOW', 'LYB', 'MTB', 'MAC', 'M', 'MRO', 'MPC', 'MAR', 'MMC', 'MLM', 'MAS', 'MA', 'MAT', 'MKC', 'MXIM', 'MCD', 'MCK', 'MDT', 'MRK', 'MET', 'MTD', 'MGM', 'MCHP', 'MU', 'MSFT', 'MAA', 'MHK', 'TAP', 'MDLZ', 'MNST', 'MCO', 'MS', 'MOS', 'MSI', 'MSCI', 'MYL', 'NDAQ', 'NOV', 'NKTR', 'NTAP', 'NFLX', 'NWL', 'NEM', 'NWSA', 'NWS', 'NEE', 'NLSN', 'NKE', 'NI', 'NBL', 'JWN', 'NSC', 'NTRS', 'NOC', 'NCLH', 'NRG', 'NUE', 'NVDA', 'ORLY', 'OXY', 'OMC', 'OKE', 'ORCL', 'PCAR', 'PKG', 'PH', 'PAYX', 'PYPL', 'PNR', 'PBCT', 'PEP', 'PKI', 'PRGO', 'PFE', 'PM', 'PSX', 'PNW', 'PXD', 'PNC', 'PPG', 'PPL', 'PFG', 'PG', 'PGR', 'PLD', 'PRU', 'PEG', 'PSA', 'PHM', 'PVH', 'QRVO', 'PWR', 'QCOM', 'DGX', 'RL', 'RJF', 'RTN', 'O', 'RHT', 'REG', 'REGN', 'RF', 'RSG', 'RMD', 'RHI', 'ROK', 'ROL', 'ROP', 'ROST', 'RCL', 'CRM', 'SBAC', 'SLB', 'STX', 'SEE', 'SRE', 'SHW', 'SPG', 'SWKS', 'SLG', 'SNA', 'SO', 'LUV', 'SPGI', 'SWK', 'SBUX', 'STT', 'SYK', 'STI', 'SIVB', 'SYMC', 'SYF', 'SNPS', 'SYY', 'TROW', 'TTWO', 'TPR', 'TGT', 'TEL', 'FTI', 'TFX', 'TXN', 'TXT', 'TMO', 'TIF', 'TWTR', 'TJX', 'TMK', 'TSS', 'TSCO', 'TDG', 'TRV', 'TRIP', 'TSN', 'UDR', 'ULTA', 'USB', 'UAA', 'UA', 'UNP', 'UAL', 'UNH', 'UPS', 'URI', 'UTX', 'UHS', 'UNM', 'VFC', 'VLO', 'VAR', 'VTR', 'VRSN', 'VRSK', 'VZ', 'VRTX', 'VIAB', 'V', 'VNO', 'VMC', 'WAB', 'WMT', 'WBA', 'DIS', 'WM', 'WAT', 'WEC', 'WCG', 'WFC', 'WELL', 'WDC', 'WU', 'WRK', 'WY', 'WHR', 'WMB', 'WLTW', 'WYNN', 'XEL', 'XRX', 'XLNX', 'XYL', 'YUM', 'ZBH', 'ZION', 'ZTS']\n"
     ]
    }
   ],
   "source": [
    "# Create webscrape for s&p500 tickers\n",
    "resp = requests.get('https://en.wikipedia.org/wiki/List_of_S%26P_500_companies')\n",
    "soup = bs.BeautifulSoup(resp.text, \"lxml\")\n",
    "table = soup.find('table', {'class': 'wikitable sortable'})\n",
    "\n",
    "# Create list to hold tickers\n",
    "# Loop through webscrape for each ticker and add to list\n",
    "tickers = []\n",
    "for row in table.findAll('tr')[1:]:\n",
    "    ticker = row.findAll('td')[0].text\n",
    "    tickers.append(ticker)\n",
    "\n",
    "tickers = [ticker.strip('\\n') for ticker in tickers]\n",
    "\n",
    "# Save list of tickers to pickle file\n",
    "with open(\"sp500tickers.pickle\", \"wb\") as f:\n",
    "    pickle.dump(tickers, f)\n",
    "\n",
    "print(tickers)"
   ]
  },
  {
   "cell_type": "code",
   "execution_count": 3,
   "metadata": {
    "scrolled": true
   },
   "outputs": [
    {
     "name": "stdout",
     "output_type": "stream",
     "text": [
      "MMM\n",
      "csv saved\n",
      "ABT\n",
      "csv saved\n",
      "ABBV\n",
      "csv saved\n",
      "ABMD\n",
      "csv saved\n",
      "ACN\n",
      "csv saved\n",
      "ATVI\n",
      "csv saved\n",
      "ADBE\n",
      "csv saved\n",
      "AMD\n",
      "csv saved\n",
      "AAP\n",
      "csv saved\n",
      "AES\n",
      "csv saved\n",
      "AMG\n",
      "csv saved\n",
      "AFL\n",
      "csv saved\n",
      "A\n",
      "csv saved\n",
      "APD\n",
      "csv saved\n",
      "AKAM\n",
      "csv saved\n",
      "ALK\n",
      "csv saved\n",
      "ALB\n",
      "csv saved\n",
      "ARE\n",
      "csv saved\n",
      "ALXN\n",
      "csv saved\n",
      "ALGN\n",
      "csv saved\n",
      "ALLE\n",
      "csv saved\n",
      "AGN\n",
      "csv saved\n",
      "ADS\n",
      "csv saved\n",
      "LNT\n",
      "csv saved\n",
      "ALL\n",
      "csv saved\n",
      "GOOGL\n",
      "csv saved\n",
      "GOOG\n",
      "csv saved\n",
      "MO\n",
      "csv saved\n",
      "AMZN\n",
      "csv saved\n",
      "AEE\n",
      "csv saved\n",
      "AAL\n",
      "csv saved\n",
      "AEP\n",
      "csv saved\n",
      "AXP\n",
      "csv saved\n",
      "AIG\n",
      "csv saved\n",
      "AMT\n",
      "csv saved\n",
      "AWK\n",
      "csv saved\n",
      "AMP\n",
      "csv saved\n",
      "ABC\n",
      "csv saved\n",
      "AME\n",
      "csv saved\n",
      "AMGN\n",
      "csv saved\n",
      "APH\n",
      "csv saved\n",
      "APC\n",
      "csv saved\n",
      "ADI\n",
      "csv saved\n",
      "ANSS\n",
      "csv saved\n",
      "ANTM\n",
      "csv saved\n",
      "AON\n",
      "csv saved\n",
      "AOS\n",
      "csv saved\n",
      "APA\n",
      "csv saved\n",
      "AIV\n",
      "csv saved\n",
      "AAPL\n",
      "csv saved\n",
      "AMAT\n",
      "csv saved\n",
      "APTV\n",
      "csv saved\n",
      "ADM\n",
      "csv saved\n",
      "ARNC\n",
      "csv saved\n",
      "ANET\n",
      "csv saved\n",
      "AJG\n",
      "csv saved\n",
      "AIZ\n",
      "csv saved\n",
      "ATO\n",
      "csv saved\n",
      "T\n",
      "csv saved\n",
      "ADSK\n",
      "csv saved\n",
      "ADP\n",
      "csv saved\n",
      "AZO\n",
      "csv saved\n",
      "AVB\n",
      "csv saved\n",
      "AVY\n",
      "csv saved\n",
      "BHGE\n",
      "csv saved\n",
      "BLL\n",
      "csv saved\n",
      "BAC\n",
      "csv saved\n",
      "BK\n",
      "csv saved\n",
      "BAX\n",
      "csv saved\n",
      "BBT\n",
      "csv saved\n",
      "BDX\n",
      "csv saved\n",
      "BRK.B\n",
      "BBY\n",
      "csv saved\n",
      "BIIB\n",
      "csv saved\n",
      "BLK\n",
      "csv saved\n",
      "HRB\n",
      "csv saved\n",
      "BA\n",
      "csv saved\n",
      "BKNG\n",
      "csv saved\n",
      "BWA\n",
      "csv saved\n",
      "BXP\n",
      "csv saved\n",
      "BSX\n",
      "csv saved\n",
      "BMY\n",
      "csv saved\n",
      "AVGO\n",
      "csv saved\n",
      "BR\n",
      "csv saved\n",
      "BF.B\n",
      "CHRW\n",
      "csv saved\n",
      "COG\n",
      "csv saved\n",
      "CDNS\n",
      "csv saved\n",
      "CPB\n",
      "csv saved\n",
      "COF\n",
      "csv saved\n",
      "CPRI\n",
      "csv saved\n",
      "CAH\n",
      "csv saved\n",
      "KMX\n",
      "csv saved\n",
      "CCL\n",
      "csv saved\n",
      "CAT\n",
      "csv saved\n",
      "CBOE\n",
      "csv saved\n",
      "CBRE\n",
      "csv saved\n",
      "CBS\n",
      "csv saved\n",
      "CE\n",
      "csv saved\n",
      "CELG\n",
      "csv saved\n",
      "CNC\n",
      "csv saved\n",
      "CNP\n",
      "csv saved\n",
      "CTL\n",
      "csv saved\n",
      "CERN\n",
      "csv saved\n",
      "CF\n",
      "csv saved\n",
      "SCHW\n",
      "csv saved\n",
      "CHTR\n",
      "csv saved\n",
      "CVX\n",
      "csv saved\n",
      "CMG\n",
      "csv saved\n",
      "CB\n",
      "csv saved\n",
      "CHD\n",
      "csv saved\n",
      "CI\n",
      "csv saved\n",
      "XEC\n",
      "csv saved\n",
      "CINF\n",
      "csv saved\n",
      "CTAS\n",
      "csv saved\n",
      "CSCO\n",
      "csv saved\n",
      "C\n",
      "csv saved\n",
      "CFG\n",
      "csv saved\n",
      "CTXS\n",
      "csv saved\n",
      "CLX\n",
      "csv saved\n",
      "CME\n",
      "csv saved\n",
      "CMS\n",
      "csv saved\n",
      "KO\n",
      "csv saved\n",
      "CTSH\n",
      "csv saved\n",
      "CL\n",
      "csv saved\n",
      "CMCSA\n",
      "csv saved\n",
      "CMA\n",
      "csv saved\n",
      "CAG\n",
      "csv saved\n",
      "CXO\n",
      "csv saved\n",
      "COP\n",
      "csv saved\n",
      "ED\n",
      "csv saved\n",
      "STZ\n",
      "csv saved\n",
      "COO\n",
      "csv saved\n",
      "CPRT\n",
      "csv saved\n",
      "GLW\n",
      "csv saved\n",
      "COST\n",
      "csv saved\n",
      "COTY\n",
      "csv saved\n",
      "CCI\n",
      "csv saved\n",
      "CSX\n",
      "csv saved\n",
      "CMI\n",
      "csv saved\n",
      "CVS\n",
      "csv saved\n",
      "DHI\n",
      "csv saved\n",
      "DHR\n",
      "csv saved\n",
      "DRI\n",
      "csv saved\n",
      "DVA\n",
      "csv saved\n",
      "DE\n",
      "csv saved\n",
      "DAL\n",
      "csv saved\n",
      "XRAY\n",
      "csv saved\n",
      "DVN\n",
      "csv saved\n",
      "FANG\n",
      "csv saved\n",
      "DLR\n",
      "csv saved\n",
      "DFS\n",
      "csv saved\n",
      "DISCA\n",
      "csv saved\n",
      "DISCK\n",
      "csv saved\n",
      "DISH\n",
      "csv saved\n",
      "DG\n",
      "csv saved\n",
      "DLTR\n",
      "csv saved\n",
      "D\n",
      "csv saved\n",
      "DOV\n",
      "csv saved\n",
      "DOW\n",
      "DWDP\n",
      "csv saved\n",
      "DTE\n",
      "csv saved\n",
      "DRE\n",
      "csv saved\n",
      "DUK\n",
      "csv saved\n",
      "DXC\n",
      "csv saved\n",
      "ETFC\n",
      "csv saved\n",
      "EMN\n",
      "csv saved\n",
      "ETN\n",
      "csv saved\n",
      "EBAY\n",
      "csv saved\n",
      "ECL\n",
      "csv saved\n",
      "EIX\n",
      "csv saved\n",
      "EW\n",
      "csv saved\n",
      "EA\n",
      "csv saved\n",
      "EMR\n",
      "csv saved\n",
      "ETR\n",
      "csv saved\n",
      "EOG\n",
      "csv saved\n",
      "EFX\n",
      "csv saved\n",
      "EQIX\n",
      "csv saved\n",
      "EQR\n",
      "csv saved\n",
      "ESS\n",
      "csv saved\n",
      "EL\n",
      "csv saved\n",
      "EVRG\n",
      "csv saved\n",
      "ES\n",
      "csv saved\n",
      "RE\n",
      "csv saved\n",
      "EXC\n",
      "csv saved\n",
      "EXPE\n",
      "csv saved\n",
      "EXPD\n",
      "csv saved\n",
      "EXR\n",
      "csv saved\n",
      "XOM\n",
      "csv saved\n",
      "FFIV\n",
      "csv saved\n",
      "FB\n",
      "csv saved\n",
      "FAST\n",
      "csv saved\n",
      "FRT\n",
      "csv saved\n",
      "FDX\n",
      "csv saved\n",
      "FIS\n",
      "csv saved\n",
      "FITB\n",
      "csv saved\n",
      "FE\n",
      "csv saved\n",
      "FRC\n",
      "csv saved\n",
      "FISV\n",
      "csv saved\n",
      "FLT\n",
      "csv saved\n",
      "FLIR\n",
      "csv saved\n",
      "FLS\n",
      "csv saved\n",
      "FLR\n",
      "csv saved\n",
      "FMC\n",
      "csv saved\n",
      "FL\n",
      "csv saved\n",
      "F\n",
      "csv saved\n",
      "FTNT\n",
      "csv saved\n",
      "FTV\n",
      "csv saved\n",
      "FBHS\n",
      "csv saved\n",
      "FOXA\n",
      "csv saved\n",
      "FOX\n",
      "csv saved\n",
      "BEN\n",
      "csv saved\n",
      "FCX\n",
      "csv saved\n",
      "GPS\n",
      "csv saved\n",
      "GRMN\n",
      "csv saved\n",
      "IT\n",
      "csv saved\n",
      "GD\n",
      "csv saved\n",
      "GE\n",
      "csv saved\n",
      "GIS\n",
      "csv saved\n",
      "GM\n",
      "csv saved\n",
      "GPC\n",
      "csv saved\n",
      "GILD\n",
      "csv saved\n",
      "GPN\n",
      "csv saved\n",
      "GS\n",
      "csv saved\n",
      "GWW\n",
      "csv saved\n",
      "HAL\n",
      "csv saved\n",
      "HBI\n",
      "csv saved\n",
      "HOG\n",
      "csv saved\n",
      "HRS\n",
      "csv saved\n",
      "HIG\n",
      "csv saved\n",
      "HAS\n",
      "csv saved\n",
      "HCA\n",
      "csv saved\n",
      "HCP\n",
      "csv saved\n",
      "HP\n",
      "csv saved\n",
      "HSIC\n",
      "csv saved\n",
      "HSY\n",
      "csv saved\n",
      "HES\n",
      "csv saved\n",
      "HPE\n",
      "csv saved\n",
      "HLT\n",
      "csv saved\n",
      "HFC\n",
      "csv saved\n",
      "HOLX\n",
      "csv saved\n",
      "HD\n",
      "csv saved\n",
      "HON\n",
      "csv saved\n",
      "HRL\n",
      "csv saved\n",
      "HST\n",
      "csv saved\n",
      "HPQ\n",
      "csv saved\n",
      "HUM\n",
      "csv saved\n",
      "HBAN\n",
      "csv saved\n",
      "HII\n",
      "csv saved\n",
      "IDXX\n",
      "csv saved\n",
      "INFO\n",
      "csv saved\n",
      "ITW\n",
      "csv saved\n",
      "ILMN\n",
      "csv saved\n",
      "IR\n",
      "csv saved\n",
      "INTC\n",
      "csv saved\n",
      "ICE\n",
      "csv saved\n",
      "IBM\n",
      "csv saved\n",
      "INCY\n",
      "csv saved\n",
      "IP\n",
      "csv saved\n",
      "IPG\n",
      "csv saved\n",
      "IFF\n",
      "csv saved\n",
      "INTU\n",
      "csv saved\n",
      "ISRG\n",
      "csv saved\n",
      "IVZ\n",
      "csv saved\n",
      "IPGP\n",
      "csv saved\n",
      "IQV\n",
      "csv saved\n",
      "IRM\n",
      "csv saved\n",
      "JKHY\n",
      "csv saved\n",
      "JEC\n",
      "csv saved\n",
      "JBHT\n",
      "csv saved\n",
      "JEF\n",
      "csv saved\n",
      "SJM\n",
      "csv saved\n",
      "JNJ\n",
      "csv saved\n",
      "JCI\n",
      "csv saved\n",
      "JPM\n",
      "csv saved\n",
      "JNPR\n",
      "csv saved\n",
      "KSU\n",
      "csv saved\n",
      "K\n",
      "csv saved\n",
      "KEY\n",
      "csv saved\n",
      "KEYS\n",
      "csv saved\n",
      "KMB\n",
      "csv saved\n",
      "KIM\n",
      "csv saved\n",
      "KMI\n",
      "csv saved\n",
      "KLAC\n",
      "csv saved\n",
      "KSS\n",
      "csv saved\n",
      "KHC\n",
      "csv saved\n",
      "KR\n",
      "csv saved\n",
      "LB\n",
      "csv saved\n",
      "LLL\n",
      "csv saved\n",
      "LH\n",
      "csv saved\n",
      "LRCX\n",
      "csv saved\n",
      "LW\n",
      "csv saved\n",
      "LEG\n",
      "csv saved\n",
      "LEN\n",
      "csv saved\n",
      "LLY\n",
      "csv saved\n",
      "LNC\n",
      "csv saved\n",
      "LIN\n",
      "csv saved\n",
      "LKQ\n",
      "csv saved\n",
      "LMT\n",
      "csv saved\n",
      "L\n",
      "csv saved\n",
      "LOW\n",
      "csv saved\n",
      "LYB\n",
      "csv saved\n",
      "MTB\n",
      "csv saved\n",
      "MAC\n",
      "csv saved\n",
      "M\n",
      "csv saved\n",
      "MRO\n",
      "csv saved\n",
      "MPC\n",
      "csv saved\n",
      "MAR\n",
      "csv saved\n",
      "MMC\n",
      "csv saved\n",
      "MLM\n",
      "csv saved\n",
      "MAS\n",
      "csv saved\n",
      "MA\n",
      "csv saved\n",
      "MAT\n",
      "csv saved\n",
      "MKC\n",
      "csv saved\n",
      "MXIM\n",
      "csv saved\n",
      "MCD\n",
      "csv saved\n",
      "MCK\n",
      "csv saved\n",
      "MDT\n",
      "csv saved\n",
      "MRK\n",
      "csv saved\n",
      "MET\n",
      "csv saved\n",
      "MTD\n",
      "csv saved\n",
      "MGM\n",
      "csv saved\n",
      "MCHP\n",
      "csv saved\n",
      "MU\n",
      "csv saved\n",
      "MSFT\n",
      "csv saved\n",
      "MAA\n",
      "csv saved\n",
      "MHK\n",
      "csv saved\n",
      "TAP\n",
      "csv saved\n",
      "MDLZ\n",
      "csv saved\n",
      "MNST\n",
      "csv saved\n",
      "MCO\n",
      "csv saved\n",
      "MS\n",
      "csv saved\n",
      "MOS\n",
      "csv saved\n",
      "MSI\n",
      "csv saved\n",
      "MSCI\n",
      "csv saved\n",
      "MYL\n",
      "csv saved\n",
      "NDAQ\n",
      "csv saved\n",
      "NOV\n",
      "csv saved\n",
      "NKTR\n",
      "csv saved\n",
      "NTAP\n",
      "csv saved\n",
      "NFLX\n",
      "csv saved\n",
      "NWL\n",
      "csv saved\n",
      "NEM\n",
      "csv saved\n",
      "NWSA\n",
      "csv saved\n",
      "NWS\n",
      "csv saved\n",
      "NEE\n",
      "csv saved\n",
      "NLSN\n",
      "csv saved\n",
      "NKE\n",
      "csv saved\n",
      "NI\n",
      "csv saved\n",
      "NBL\n",
      "csv saved\n",
      "JWN\n",
      "csv saved\n",
      "NSC\n",
      "csv saved\n",
      "NTRS\n",
      "csv saved\n",
      "NOC\n",
      "csv saved\n",
      "NCLH\n",
      "csv saved\n",
      "NRG\n",
      "csv saved\n",
      "NUE\n",
      "csv saved\n",
      "NVDA\n",
      "csv saved\n",
      "ORLY\n",
      "csv saved\n",
      "OXY\n",
      "csv saved\n",
      "OMC\n",
      "csv saved\n",
      "OKE\n",
      "csv saved\n",
      "ORCL\n",
      "csv saved\n",
      "PCAR\n",
      "csv saved\n",
      "PKG\n",
      "csv saved\n",
      "PH\n",
      "csv saved\n",
      "PAYX\n",
      "csv saved\n",
      "PYPL\n",
      "csv saved\n",
      "PNR\n",
      "csv saved\n",
      "PBCT\n",
      "csv saved\n",
      "PEP\n",
      "csv saved\n",
      "PKI\n",
      "csv saved\n",
      "PRGO\n",
      "csv saved\n",
      "PFE\n",
      "csv saved\n",
      "PM\n",
      "csv saved\n",
      "PSX\n",
      "csv saved\n",
      "PNW\n",
      "csv saved\n",
      "PXD\n",
      "csv saved\n",
      "PNC\n",
      "csv saved\n",
      "PPG\n",
      "csv saved\n",
      "PPL\n",
      "csv saved\n",
      "PFG\n",
      "csv saved\n",
      "PG\n",
      "csv saved\n",
      "PGR\n",
      "csv saved\n",
      "PLD\n",
      "csv saved\n",
      "PRU\n",
      "csv saved\n",
      "PEG\n",
      "csv saved\n",
      "PSA\n",
      "csv saved\n",
      "PHM\n",
      "csv saved\n",
      "PVH\n",
      "csv saved\n",
      "QRVO\n",
      "csv saved\n",
      "PWR\n",
      "csv saved\n",
      "QCOM\n",
      "csv saved\n",
      "DGX\n",
      "csv saved\n",
      "RL\n",
      "csv saved\n",
      "RJF\n",
      "csv saved\n",
      "RTN\n",
      "csv saved\n",
      "O\n",
      "csv saved\n",
      "RHT\n",
      "csv saved\n",
      "REG\n",
      "csv saved\n",
      "REGN\n",
      "csv saved\n",
      "RF\n",
      "csv saved\n",
      "RSG\n",
      "csv saved\n",
      "RMD\n",
      "csv saved\n",
      "RHI\n",
      "csv saved\n",
      "ROK\n",
      "csv saved\n",
      "ROL\n",
      "csv saved\n",
      "ROP\n",
      "csv saved\n",
      "ROST\n",
      "csv saved\n",
      "RCL\n",
      "csv saved\n",
      "CRM\n",
      "csv saved\n",
      "SBAC\n",
      "csv saved\n",
      "SLB\n",
      "csv saved\n",
      "STX\n",
      "csv saved\n",
      "SEE\n",
      "csv saved\n",
      "SRE\n",
      "csv saved\n",
      "SHW\n",
      "csv saved\n",
      "SPG\n",
      "csv saved\n",
      "SWKS\n",
      "csv saved\n",
      "SLG\n",
      "csv saved\n",
      "SNA\n",
      "csv saved\n",
      "SO\n",
      "csv saved\n",
      "LUV\n",
      "csv saved\n",
      "SPGI\n",
      "csv saved\n",
      "SWK\n",
      "csv saved\n",
      "SBUX\n",
      "csv saved\n",
      "STT\n",
      "csv saved\n",
      "SYK\n",
      "csv saved\n",
      "STI\n",
      "csv saved\n",
      "SIVB\n",
      "csv saved\n",
      "SYMC\n",
      "csv saved\n",
      "SYF\n",
      "csv saved\n",
      "SNPS\n",
      "csv saved\n",
      "SYY\n",
      "csv saved\n",
      "TROW\n",
      "csv saved\n",
      "TTWO\n",
      "csv saved\n",
      "TPR\n",
      "csv saved\n",
      "TGT\n",
      "csv saved\n",
      "TEL\n",
      "csv saved\n",
      "FTI\n",
      "csv saved\n",
      "TFX\n",
      "csv saved\n",
      "TXN\n",
      "csv saved\n",
      "TXT\n",
      "csv saved\n",
      "TMO\n",
      "csv saved\n",
      "TIF\n",
      "csv saved\n",
      "TWTR\n",
      "csv saved\n",
      "TJX\n",
      "csv saved\n",
      "TMK\n",
      "csv saved\n",
      "TSS\n",
      "csv saved\n",
      "TSCO\n",
      "csv saved\n",
      "TDG\n",
      "csv saved\n",
      "TRV\n",
      "csv saved\n",
      "TRIP\n",
      "csv saved\n",
      "TSN\n",
      "csv saved\n",
      "UDR\n",
      "csv saved\n",
      "ULTA\n",
      "csv saved\n",
      "USB\n",
      "csv saved\n",
      "UAA\n",
      "csv saved\n",
      "UA\n",
      "csv saved\n",
      "UNP\n",
      "csv saved\n",
      "UAL\n",
      "csv saved\n",
      "UNH\n",
      "csv saved\n",
      "UPS\n",
      "csv saved\n",
      "URI\n",
      "csv saved\n",
      "UTX\n",
      "csv saved\n",
      "UHS\n",
      "csv saved\n",
      "UNM\n",
      "csv saved\n",
      "VFC\n",
      "csv saved\n",
      "VLO\n",
      "csv saved\n",
      "VAR\n",
      "csv saved\n",
      "VTR\n",
      "csv saved\n",
      "VRSN\n",
      "csv saved\n",
      "VRSK\n",
      "csv saved\n",
      "VZ\n",
      "csv saved\n",
      "VRTX\n",
      "csv saved\n",
      "VIAB\n",
      "csv saved\n",
      "V\n",
      "csv saved\n",
      "VNO\n",
      "csv saved\n",
      "VMC\n",
      "csv saved\n",
      "WAB\n",
      "csv saved\n",
      "WMT\n",
      "csv saved\n",
      "WBA\n",
      "csv saved\n",
      "DIS\n",
      "csv saved\n",
      "WM\n",
      "csv saved\n",
      "WAT\n",
      "csv saved\n",
      "WEC\n",
      "csv saved\n",
      "WCG\n",
      "csv saved\n",
      "WFC\n",
      "csv saved\n",
      "WELL\n",
      "csv saved\n",
      "WDC\n",
      "csv saved\n",
      "WU\n",
      "csv saved\n",
      "WRK\n",
      "csv saved\n",
      "WY\n",
      "csv saved\n",
      "WHR\n",
      "csv saved\n",
      "WMB\n",
      "csv saved\n",
      "WLTW\n",
      "csv saved\n",
      "WYNN\n",
      "csv saved\n",
      "XEL\n",
      "csv saved\n",
      "XRX\n",
      "csv saved\n",
      "XLNX\n",
      "csv saved\n",
      "XYL\n",
      "csv saved\n",
      "YUM\n",
      "csv saved\n",
      "ZBH\n",
      "csv saved\n",
      "ZION\n",
      "csv saved\n",
      "ZTS\n",
      "csv saved\n"
     ]
    }
   ],
   "source": [
    "# Open pickle file of tickers\n",
    "with open(\"sp500tickers.pickle\", \"rb\") as f:\n",
    "    tickers = pickle.load(f)\n",
    "\n",
    "# Create spreadsheet for stock data    \n",
    "if not os.path.exists('stock_dfs'):\n",
    "    os.makedirs('stock_dfs')\n",
    "\n",
    "#Set timeframe for individual stock data\n",
    "start = dt.datetime(2015,1,1)\n",
    "end = dt.datetime(2018,12,31)\n",
    "\n",
    "# Loop through tickers and pull stock information for each ticker from yahoo\n",
    "for ticker in tickers:\n",
    "    print(ticker)\n",
    "    try:\n",
    "        # Create individual spreadsheet for each tickers data\n",
    "        if not os.path.exists('stock_dfs/{}.csv'.format(ticker)):\n",
    "            df = web.DataReader(ticker, 'yahoo', start, end)\n",
    "            df.to_csv('stock_dfs/{}.csv'.format(ticker))\n",
    "            print('csv saved')\n",
    "\n",
    "        else:\n",
    "            print('Already had csv')\n",
    "    except Exception:\n",
    "        pass       "
   ]
  },
  {
   "cell_type": "code",
   "execution_count": 4,
   "metadata": {
    "scrolled": true
   },
   "outputs": [
    {
     "name": "stdout",
     "output_type": "stream",
     "text": [
      "0\n",
      "25\n",
      "50\n",
      "75\n",
      "100\n",
      "125\n",
      "150\n",
      "175\n",
      "200\n",
      "225\n",
      "250\n",
      "275\n",
      "300\n",
      "325\n",
      "350\n",
      "375\n",
      "400\n",
      "425\n",
      "450\n",
      "475\n",
      "500\n"
     ]
    }
   ],
   "source": [
    "# Create DF to hold all stock data\n",
    "main_df = pd.DataFrame()\n",
    "\n",
    "# Loop through tickers list \n",
    "for count, ticker in enumerate(tickers):\n",
    "    try:\n",
    "        # Open individual spreadsheets, set data as index\n",
    "        df = pd.read_csv('stock_dfs/{}.csv'.format(ticker))\n",
    "        df.set_index(\"Date\", inplace=True)\n",
    "\n",
    "        # Rename the ADJ Close column and drop other columns\n",
    "        df.rename(columns={\"Adj Close\": ticker}, inplace=True)\n",
    "        df.drop([\"Open\",\"High\", \"Low\", \"Close\", \"Volume\"], 1, inplace=True)\n",
    "\n",
    "        # Add individual stock data to main_df\n",
    "        if main_df.empty:\n",
    "            main_df = df\n",
    "        else:\n",
    "            main_df = main_df.join(df, how=\"outer\")\n",
    "        \n",
    "        #print count every 25 \n",
    "        if count % 25 == 0:\n",
    "            print(count)\n",
    "            \n",
    "    except Exception:\n",
    "        pass\n",
    "\n",
    "# Save main_df to its own spreadsheet\n",
    "main_df.to_csv(\"sp500_joined_closes.csv\")  "
   ]
  },
  {
   "cell_type": "code",
   "execution_count": 5,
   "metadata": {},
   "outputs": [
    {
     "data": {
      "text/html": [
       "<div>\n",
       "<style scoped>\n",
       "    .dataframe tbody tr th:only-of-type {\n",
       "        vertical-align: middle;\n",
       "    }\n",
       "\n",
       "    .dataframe tbody tr th {\n",
       "        vertical-align: top;\n",
       "    }\n",
       "\n",
       "    .dataframe thead th {\n",
       "        text-align: right;\n",
       "    }\n",
       "</style>\n",
       "<table border=\"1\" class=\"dataframe\">\n",
       "  <thead>\n",
       "    <tr style=\"text-align: right;\">\n",
       "      <th></th>\n",
       "      <th>300</th>\n",
       "      <th>301</th>\n",
       "      <th>302</th>\n",
       "      <th>303</th>\n",
       "      <th>304</th>\n",
       "      <th>305</th>\n",
       "      <th>306</th>\n",
       "      <th>307</th>\n",
       "      <th>308</th>\n",
       "      <th>309</th>\n",
       "      <th>310</th>\n",
       "      <th>311</th>\n",
       "      <th>312</th>\n",
       "      <th>313</th>\n",
       "      <th>314</th>\n",
       "    </tr>\n",
       "  </thead>\n",
       "  <tbody>\n",
       "    <tr>\n",
       "      <th>300</th>\n",
       "      <td>1.000000</td>\n",
       "      <td>0.527204</td>\n",
       "      <td>0.145790</td>\n",
       "      <td>-0.677090</td>\n",
       "      <td>-0.733227</td>\n",
       "      <td>-0.798125</td>\n",
       "      <td>-0.586173</td>\n",
       "      <td>-0.572847</td>\n",
       "      <td>-0.758864</td>\n",
       "      <td>0.738832</td>\n",
       "      <td>-0.673010</td>\n",
       "      <td>-0.733012</td>\n",
       "      <td>-0.811618</td>\n",
       "      <td>0.714857</td>\n",
       "      <td>-0.569013</td>\n",
       "    </tr>\n",
       "    <tr>\n",
       "      <th>301</th>\n",
       "      <td>0.527204</td>\n",
       "      <td>1.000000</td>\n",
       "      <td>0.689732</td>\n",
       "      <td>-0.212359</td>\n",
       "      <td>-0.428279</td>\n",
       "      <td>-0.650515</td>\n",
       "      <td>-0.698951</td>\n",
       "      <td>-0.787755</td>\n",
       "      <td>-0.369636</td>\n",
       "      <td>0.179677</td>\n",
       "      <td>-0.487951</td>\n",
       "      <td>-0.537166</td>\n",
       "      <td>-0.700036</td>\n",
       "      <td>0.723839</td>\n",
       "      <td>-0.451822</td>\n",
       "    </tr>\n",
       "    <tr>\n",
       "      <th>302</th>\n",
       "      <td>0.145790</td>\n",
       "      <td>0.689732</td>\n",
       "      <td>1.000000</td>\n",
       "      <td>0.320490</td>\n",
       "      <td>0.145523</td>\n",
       "      <td>-0.101500</td>\n",
       "      <td>-0.251053</td>\n",
       "      <td>-0.327358</td>\n",
       "      <td>0.120604</td>\n",
       "      <td>-0.224234</td>\n",
       "      <td>-0.151187</td>\n",
       "      <td>0.006049</td>\n",
       "      <td>-0.232139</td>\n",
       "      <td>0.449434</td>\n",
       "      <td>-0.035927</td>\n",
       "    </tr>\n",
       "    <tr>\n",
       "      <th>303</th>\n",
       "      <td>-0.677090</td>\n",
       "      <td>-0.212359</td>\n",
       "      <td>0.320490</td>\n",
       "      <td>1.000000</td>\n",
       "      <td>0.905072</td>\n",
       "      <td>0.773932</td>\n",
       "      <td>0.457036</td>\n",
       "      <td>0.600098</td>\n",
       "      <td>0.927778</td>\n",
       "      <td>-0.826863</td>\n",
       "      <td>0.640315</td>\n",
       "      <td>0.879798</td>\n",
       "      <td>0.746086</td>\n",
       "      <td>-0.480174</td>\n",
       "      <td>0.651635</td>\n",
       "    </tr>\n",
       "    <tr>\n",
       "      <th>304</th>\n",
       "      <td>-0.733227</td>\n",
       "      <td>-0.428279</td>\n",
       "      <td>0.145523</td>\n",
       "      <td>0.905072</td>\n",
       "      <td>1.000000</td>\n",
       "      <td>0.894907</td>\n",
       "      <td>0.621643</td>\n",
       "      <td>0.776356</td>\n",
       "      <td>0.906105</td>\n",
       "      <td>-0.811658</td>\n",
       "      <td>0.641235</td>\n",
       "      <td>0.945318</td>\n",
       "      <td>0.865618</td>\n",
       "      <td>-0.559371</td>\n",
       "      <td>0.637964</td>\n",
       "    </tr>\n",
       "    <tr>\n",
       "      <th>305</th>\n",
       "      <td>-0.798125</td>\n",
       "      <td>-0.650515</td>\n",
       "      <td>-0.101500</td>\n",
       "      <td>0.773932</td>\n",
       "      <td>0.894907</td>\n",
       "      <td>1.000000</td>\n",
       "      <td>0.772279</td>\n",
       "      <td>0.860016</td>\n",
       "      <td>0.885335</td>\n",
       "      <td>-0.649203</td>\n",
       "      <td>0.816127</td>\n",
       "      <td>0.936258</td>\n",
       "      <td>0.948684</td>\n",
       "      <td>-0.750762</td>\n",
       "      <td>0.800727</td>\n",
       "    </tr>\n",
       "    <tr>\n",
       "      <th>306</th>\n",
       "      <td>-0.586173</td>\n",
       "      <td>-0.698951</td>\n",
       "      <td>-0.251053</td>\n",
       "      <td>0.457036</td>\n",
       "      <td>0.621643</td>\n",
       "      <td>0.772279</td>\n",
       "      <td>1.000000</td>\n",
       "      <td>0.842819</td>\n",
       "      <td>0.521868</td>\n",
       "      <td>-0.264108</td>\n",
       "      <td>0.496614</td>\n",
       "      <td>0.690627</td>\n",
       "      <td>0.670612</td>\n",
       "      <td>-0.643138</td>\n",
       "      <td>0.518301</td>\n",
       "    </tr>\n",
       "    <tr>\n",
       "      <th>307</th>\n",
       "      <td>-0.572847</td>\n",
       "      <td>-0.787755</td>\n",
       "      <td>-0.327358</td>\n",
       "      <td>0.600098</td>\n",
       "      <td>0.776356</td>\n",
       "      <td>0.860016</td>\n",
       "      <td>0.842819</td>\n",
       "      <td>1.000000</td>\n",
       "      <td>0.671740</td>\n",
       "      <td>-0.423511</td>\n",
       "      <td>0.578538</td>\n",
       "      <td>0.837677</td>\n",
       "      <td>0.825411</td>\n",
       "      <td>-0.670267</td>\n",
       "      <td>0.619518</td>\n",
       "    </tr>\n",
       "    <tr>\n",
       "      <th>308</th>\n",
       "      <td>-0.758864</td>\n",
       "      <td>-0.369636</td>\n",
       "      <td>0.120604</td>\n",
       "      <td>0.927778</td>\n",
       "      <td>0.906105</td>\n",
       "      <td>0.885335</td>\n",
       "      <td>0.521868</td>\n",
       "      <td>0.671740</td>\n",
       "      <td>1.000000</td>\n",
       "      <td>-0.779266</td>\n",
       "      <td>0.838667</td>\n",
       "      <td>0.942347</td>\n",
       "      <td>0.880625</td>\n",
       "      <td>-0.668546</td>\n",
       "      <td>0.800974</td>\n",
       "    </tr>\n",
       "    <tr>\n",
       "      <th>309</th>\n",
       "      <td>0.738832</td>\n",
       "      <td>0.179677</td>\n",
       "      <td>-0.224234</td>\n",
       "      <td>-0.826863</td>\n",
       "      <td>-0.811658</td>\n",
       "      <td>-0.649203</td>\n",
       "      <td>-0.264108</td>\n",
       "      <td>-0.423511</td>\n",
       "      <td>-0.779266</td>\n",
       "      <td>1.000000</td>\n",
       "      <td>-0.497647</td>\n",
       "      <td>-0.710214</td>\n",
       "      <td>-0.685280</td>\n",
       "      <td>0.343848</td>\n",
       "      <td>-0.444412</td>\n",
       "    </tr>\n",
       "    <tr>\n",
       "      <th>310</th>\n",
       "      <td>-0.673010</td>\n",
       "      <td>-0.487951</td>\n",
       "      <td>-0.151187</td>\n",
       "      <td>0.640315</td>\n",
       "      <td>0.641235</td>\n",
       "      <td>0.816127</td>\n",
       "      <td>0.496614</td>\n",
       "      <td>0.578538</td>\n",
       "      <td>0.838667</td>\n",
       "      <td>-0.497647</td>\n",
       "      <td>1.000000</td>\n",
       "      <td>0.770947</td>\n",
       "      <td>0.842656</td>\n",
       "      <td>-0.763054</td>\n",
       "      <td>0.889087</td>\n",
       "    </tr>\n",
       "    <tr>\n",
       "      <th>311</th>\n",
       "      <td>-0.733012</td>\n",
       "      <td>-0.537166</td>\n",
       "      <td>0.006049</td>\n",
       "      <td>0.879798</td>\n",
       "      <td>0.945318</td>\n",
       "      <td>0.936258</td>\n",
       "      <td>0.690627</td>\n",
       "      <td>0.837677</td>\n",
       "      <td>0.942347</td>\n",
       "      <td>-0.710214</td>\n",
       "      <td>0.770947</td>\n",
       "      <td>1.000000</td>\n",
       "      <td>0.902886</td>\n",
       "      <td>-0.706256</td>\n",
       "      <td>0.757368</td>\n",
       "    </tr>\n",
       "    <tr>\n",
       "      <th>312</th>\n",
       "      <td>-0.811618</td>\n",
       "      <td>-0.700036</td>\n",
       "      <td>-0.232139</td>\n",
       "      <td>0.746086</td>\n",
       "      <td>0.865618</td>\n",
       "      <td>0.948684</td>\n",
       "      <td>0.670612</td>\n",
       "      <td>0.825411</td>\n",
       "      <td>0.880625</td>\n",
       "      <td>-0.685280</td>\n",
       "      <td>0.842656</td>\n",
       "      <td>0.902886</td>\n",
       "      <td>1.000000</td>\n",
       "      <td>-0.783257</td>\n",
       "      <td>0.783336</td>\n",
       "    </tr>\n",
       "    <tr>\n",
       "      <th>313</th>\n",
       "      <td>0.714857</td>\n",
       "      <td>0.723839</td>\n",
       "      <td>0.449434</td>\n",
       "      <td>-0.480174</td>\n",
       "      <td>-0.559371</td>\n",
       "      <td>-0.750762</td>\n",
       "      <td>-0.643138</td>\n",
       "      <td>-0.670267</td>\n",
       "      <td>-0.668546</td>\n",
       "      <td>0.343848</td>\n",
       "      <td>-0.763054</td>\n",
       "      <td>-0.706256</td>\n",
       "      <td>-0.783257</td>\n",
       "      <td>1.000000</td>\n",
       "      <td>-0.595628</td>\n",
       "    </tr>\n",
       "    <tr>\n",
       "      <th>314</th>\n",
       "      <td>-0.569013</td>\n",
       "      <td>-0.451822</td>\n",
       "      <td>-0.035927</td>\n",
       "      <td>0.651635</td>\n",
       "      <td>0.637964</td>\n",
       "      <td>0.800727</td>\n",
       "      <td>0.518301</td>\n",
       "      <td>0.619518</td>\n",
       "      <td>0.800974</td>\n",
       "      <td>-0.444412</td>\n",
       "      <td>0.889087</td>\n",
       "      <td>0.757368</td>\n",
       "      <td>0.783336</td>\n",
       "      <td>-0.595628</td>\n",
       "      <td>1.000000</td>\n",
       "    </tr>\n",
       "  </tbody>\n",
       "</table>\n",
       "</div>"
      ],
      "text/plain": [
       "          300       301       302       303       304       305       306  \\\n",
       "300  1.000000  0.527204  0.145790 -0.677090 -0.733227 -0.798125 -0.586173   \n",
       "301  0.527204  1.000000  0.689732 -0.212359 -0.428279 -0.650515 -0.698951   \n",
       "302  0.145790  0.689732  1.000000  0.320490  0.145523 -0.101500 -0.251053   \n",
       "303 -0.677090 -0.212359  0.320490  1.000000  0.905072  0.773932  0.457036   \n",
       "304 -0.733227 -0.428279  0.145523  0.905072  1.000000  0.894907  0.621643   \n",
       "305 -0.798125 -0.650515 -0.101500  0.773932  0.894907  1.000000  0.772279   \n",
       "306 -0.586173 -0.698951 -0.251053  0.457036  0.621643  0.772279  1.000000   \n",
       "307 -0.572847 -0.787755 -0.327358  0.600098  0.776356  0.860016  0.842819   \n",
       "308 -0.758864 -0.369636  0.120604  0.927778  0.906105  0.885335  0.521868   \n",
       "309  0.738832  0.179677 -0.224234 -0.826863 -0.811658 -0.649203 -0.264108   \n",
       "310 -0.673010 -0.487951 -0.151187  0.640315  0.641235  0.816127  0.496614   \n",
       "311 -0.733012 -0.537166  0.006049  0.879798  0.945318  0.936258  0.690627   \n",
       "312 -0.811618 -0.700036 -0.232139  0.746086  0.865618  0.948684  0.670612   \n",
       "313  0.714857  0.723839  0.449434 -0.480174 -0.559371 -0.750762 -0.643138   \n",
       "314 -0.569013 -0.451822 -0.035927  0.651635  0.637964  0.800727  0.518301   \n",
       "\n",
       "          307       308       309       310       311       312       313  \\\n",
       "300 -0.572847 -0.758864  0.738832 -0.673010 -0.733012 -0.811618  0.714857   \n",
       "301 -0.787755 -0.369636  0.179677 -0.487951 -0.537166 -0.700036  0.723839   \n",
       "302 -0.327358  0.120604 -0.224234 -0.151187  0.006049 -0.232139  0.449434   \n",
       "303  0.600098  0.927778 -0.826863  0.640315  0.879798  0.746086 -0.480174   \n",
       "304  0.776356  0.906105 -0.811658  0.641235  0.945318  0.865618 -0.559371   \n",
       "305  0.860016  0.885335 -0.649203  0.816127  0.936258  0.948684 -0.750762   \n",
       "306  0.842819  0.521868 -0.264108  0.496614  0.690627  0.670612 -0.643138   \n",
       "307  1.000000  0.671740 -0.423511  0.578538  0.837677  0.825411 -0.670267   \n",
       "308  0.671740  1.000000 -0.779266  0.838667  0.942347  0.880625 -0.668546   \n",
       "309 -0.423511 -0.779266  1.000000 -0.497647 -0.710214 -0.685280  0.343848   \n",
       "310  0.578538  0.838667 -0.497647  1.000000  0.770947  0.842656 -0.763054   \n",
       "311  0.837677  0.942347 -0.710214  0.770947  1.000000  0.902886 -0.706256   \n",
       "312  0.825411  0.880625 -0.685280  0.842656  0.902886  1.000000 -0.783257   \n",
       "313 -0.670267 -0.668546  0.343848 -0.763054 -0.706256 -0.783257  1.000000   \n",
       "314  0.619518  0.800974 -0.444412  0.889087  0.757368  0.783336 -0.595628   \n",
       "\n",
       "          314  \n",
       "300 -0.569013  \n",
       "301 -0.451822  \n",
       "302 -0.035927  \n",
       "303  0.651635  \n",
       "304  0.637964  \n",
       "305  0.800727  \n",
